18

4
	-1 -1 -1
	-1  1 -1
	 1  1 -1
	 1 -1 -1
0 0 1

    0.3 0.3 0.3 1.0
    0.5 0.5 0.5 1.0
    0.6 0.6 0.6 1.0
60.0

4
	-1 -1  1
	-1  1  1
	-1  1 -1
	-1 -1 -1
1 0 0

    0.3 0.0 0.0 1.0
    0.5 0.0 0.0 1.0
    0.6 0.0 0.0 1.0
60.0


4
	 1 -1 -1
	 1  1 -1
	 1  1  1
	 1 -1  1
-1 0 0

    0.0 0.3 0.0 1.0
    0.0 0.5 0.0 1.0
    0.0 0.6 0.0 1.0
60.0


4
	-1 -1  1
	-1 -1 -1
	 1 -1 -1
	 1 -1  1
0 1 0

    0.3 0.3 0.3 1.0
    0.5 0.5 0.5 1.0
    0.6 0.6 0.6 1.0
60.0


4
	-1  1 -1
	 1  1 -1
	 1  1  1
	-1  1  1
0 -1 0

    0.3 0.3 0.3 1.0
    0.5 0.5 0.5 1.0
    0.6 0.6 0.6 1.0
60.0

4
	 1 -1  1
	 1  1  1
	-1  1  1
	-1 -1  1
0 0 -1

    0.3 0.3 0.3 1.0
    0.5 0.5 0.5 1.0
    0.6 0.6 0.6 1.0
60.0

4
	-0.25 -0.75 -0.25
	-0.25 -0.25 -0.25
     0.25 -0.25 -0.25
     0.25 -0.75 -0.25
0 0 -1

    0.3 0.3 0.0 1.0
    0.5 0.5 0.0 1.0
    0.6 0.6 0.0 1.0
60.0

4
    -0.25 -0.75  0.25
    -0.25 -0.25  0.25
    -0.25 -0.25 -0.25
    -0.25 -0.75 -0.25
-1 0 0

    0.3 0.3 0.0 1.0
    0.5 0.5 0.0 1.0
    0.6 0.6 0.0 1.0
60.0

4
	 0.25 -0.75  0.25
     0.25 -0.25  0.25
     0.25 -0.25 -0.25
     0.25 -0.75 -0.25
1 0 0

    0.3 0.3 0.0 1.0
    0.5 0.5 0.0 1.0
    0.6 0.6 0.0 1.0
60.0

4
    -0.25 -0.75  0.25
    -0.25 -0.75 -0.25
     0.25 -0.75 -0.25
	 0.25 -0.75  0.25
0 -1 0

    0.3 0.3 0.0 1.0
    0.5 0.5 0.0 1.0
    0.6 0.6 0.0 1.0
60.0

4
    -0.25 -0.25  0.25
    -0.25 -0.25 -0.25
     0.25 -0.25 -0.25
	 0.25 -0.25  0.25
0 1 0

    0.3 0.3 0.0 1.0
    0.5 0.5 0.0 1.0
    0.6 0.6 0.0 1.0
60.0

4
	-0.25 -0.75  0.25
	-0.25 -0.25  0.25
     0.25 -0.25  0.25
     0.25 -0.75  0.25
0 0 1

    0.3 0.3 0.0 1.0
    0.5 0.5 0.0 1.0
    0.6 0.6 0.0 1.0
60.0

4
	-0.90 -0.90 -0.65
	-0.90 -0.55 -0.65
	-0.65 -0.55 -0.90
	-0.65 -0.90 -0.90
-0.7 0 -0.7

    0.0 0.3 0.3 1.0
    0.0 0.5 0.5 1.0
    0.0 0.6 0.6 1.0
60.0

4
	-0.65 -0.90 -0.90
	-0.65 -0.55 -0.90
	-0.40 -0.55 -0.65
	-0.40 -0.90 -0.65
0.7 0 -0.7

    0.0 0.3 0.3 1.0
    0.0 0.5 0.5 1.0
    0.0 0.6 0.6 1.0
60.0

4
	-0.90 -0.90 -0.65
	-0.65 -0.90 -0.90
	-0.40 -0.90 -0.65
	-0.65 -0.90 -0.40
0 -1 0

    0.0 0.3 0.3 1.0
    0.0 0.5 0.5 1.0
    0.0 0.6 0.6 1.0
60.0

4
	-0.90 -0.90 -0.65
	-0.90 -0.55 -0.65
	-0.65 -0.55 -0.40
	-0.65 -0.90 -0.40
-0.7 0 0.7

    0.0 0.3 0.3 1.0
    0.0 0.5 0.5 1.0
    0.0 0.6 0.6 1.0
60.0

4
	-0.65 -0.90 -0.40
	-0.65 -0.55 -0.40
	-0.40 -0.55 -0.65
	-0.40 -0.90 -0.65
0.7 0 0.7

    0.0 0.3 0.3 1.0
    0.0 0.5 0.5 1.0
    0.0 0.6 0.6 1.0
60.0

4
	-0.90 -0.55 -0.65
	-0.65 -0.55 -0.90
	-0.40 -0.55 -0.65
	-0.65 -0.55 -0.40
0 1 0

    0.0 0.3 0.3 1.0
    0.0 0.5 0.5 1.0
    0.0 0.6 0.6 1.0
60.0




4
	 0.90  0.90 -0.65
	 0.90  0.55 -0.65
	 0.65  0.55 -0.90
	 0.65  0.90 -0.90
0.7 0 -0.7

    0.3 0.0 0.3 1.0
    0.5 0.0 0.5 1.0
    0.6 0.0 0.6 1.0
60.0

4
	0.65 0.90 -0.90
	0.65 0.55 -0.90
	0.40 0.55 -0.65
	0.40 0.90 -0.65
-0.7 0 -0.7

    0.3 0.0 0.3 1.0
    0.5 0.0 0.5 1.0
    0.6 0.0 0.6 1.0
60.0

4
	0.90 0.90 -0.65
	0.65 0.90 -0.90
	0.40 0.90 -0.65
	0.65 0.90 -0.40
0 1 0

    0.3 0.0 0.3 1.0
    0.5 0.0 0.5 1.0
    0.6 0.0 0.6 1.0
60.0

4
	0.90 0.90 -0.65
	0.90 0.55 -0.65
	0.65 0.55 -0.40
	0.65 0.90 -0.40
0.7 0 0.7

    0.3 0.0 0.3 1.0
    0.5 0.0 0.5 1.0
    0.6 0.0 0.6 1.0
60.0


4
	0.90 0.55 -0.65
	0.65 0.55 -0.90
	0.40 0.55 -0.65
	0.65 0.55 -0.40
0 -1 0

    0.3 0.0 0.3 1.0
    0.5 0.0 0.5 1.0
    0.6 0.0 0.6 1.0
60.0

4
	-0.65 -0.90 -0.40
	-0.65 -0.55 -0.40
	-0.40 -0.55 -0.65
	-0.40 -0.90 -0.65
0.7 0 0.7

    0.0 0.3 0.3 1.0
    0.0 0.5 0.5 1.0
    0.0 0.6 0.6 1.0
60.0

